# CAMEMBERT Initial Conditions for GJ1214b
# ----------------------------------------
# Pressure (in Pa), gas temperature (in K) and associated volume mixing ratios for the primary opacity sources. The profiles were generated
# using ATMO by Duncan Christie.
#
# Date Generated: 2022-06-01
#
     Pressure_Pa    Temperature_K           VMR_CO          VMR_CO2          VMR_H2O          VMR_CH4          VMR_NH3           VMR_H2           VMR_He
  1.00000000e-01   4.07339013e+02   7.21167462e-07   2.19758044e-09   9.07714940e-04   5.29278592e-04   7.77221836e-05   8.37975703e-01   1.60482599e-01
  1.26796272e-01   4.37875149e+02   7.21161632e-07   2.19755980e-09   9.07714794e-04   5.29274854e-04   7.77250932e-05   8.37975697e-01   1.60482608e-01
  1.60772945e-01   4.52077031e+02   7.21149729e-07   2.19751839e-09   9.07714497e-04   5.29267072e-04   7.77311332e-05   8.37975684e-01   1.60482628e-01
  2.03854101e-01   4.61551266e+02   7.21131633e-07   2.19745672e-09   9.07714045e-04   5.29254955e-04   7.77404929e-05   8.37975660e-01   1.60482661e-01
  2.58479400e-01   4.69208956e+02   7.21107389e-07   2.19737576e-09   9.07713447e-04   5.29238317e-04   7.77532540e-05   8.37975622e-01   1.60482711e-01
  3.27742243e-01   4.75809826e+02   7.21077147e-07   2.19727665e-09   9.07712720e-04   5.29217058e-04   7.77694049e-05   8.37975568e-01   1.60482780e-01
  4.15564945e-01   4.81692909e+02   7.21041136e-07   2.19716059e-09   9.07711887e-04   5.29191160e-04   7.77888414e-05   8.37975493e-01   1.60482874e-01
  5.26920857e-01   4.86699124e+02   7.20999665e-07   2.19702890e-09   9.07710985e-04   5.29160696e-04   7.78113632e-05   8.37975393e-01   1.60482996e-01
  6.68116002e-01   4.91329345e+02   7.20953068e-07   2.19688283e-09   9.07710055e-04   5.29125796e-04   7.78367057e-05   8.37975262e-01   1.60483152e-01
  8.47146182e-01   4.95672039e+02   7.20901652e-07   2.19672341e-09   9.07709145e-04   5.29086606e-04   7.78645717e-05   8.37975095e-01   1.60483346e-01
  1.07414978e+00   4.99455789e+02   7.20845738e-07   2.19655164e-09   9.07708305e-04   5.29043319e-04   7.78946232e-05   8.37974887e-01   1.60483584e-01
  1.36198187e+00   5.02949769e+02   7.20785627e-07   2.19636842e-09   9.07707585e-04   5.28996135e-04   7.79265119e-05   8.37974633e-01   1.60483871e-01
  1.72694223e+00   5.06194606e+02   7.20721563e-07   2.19617443e-09   9.07707034e-04   5.28945231e-04   7.79599078e-05   8.37974329e-01   1.60484211e-01
  2.18969837e+00   5.08772404e+02   7.20653811e-07   2.19597038e-09   9.07706692e-04   5.28890816e-04   7.79944697e-05   8.37973971e-01   1.60484608e-01
  2.77645589e+00   5.11145980e+02   7.20582591e-07   2.19575685e-09   9.07706593e-04   5.28833076e-04   7.80298861e-05   8.37973556e-01   1.60485063e-01
  3.52044256e+00   5.13178027e+02   7.20508064e-07   2.19553425e-09   9.07706762e-04   5.28772154e-04   7.80658883e-05   8.37973084e-01   1.60485578e-01
  4.46378992e+00   5.14847240e+02   7.20430380e-07   2.19530295e-09   9.07707213e-04   5.28708194e-04   7.81022270e-05   8.37972555e-01   1.60486152e-01
  5.65991920e+00   5.16345486e+02   7.20349644e-07   2.19506318e-09   9.07707950e-04   5.28641304e-04   7.81386946e-05   8.37971972e-01   1.60486784e-01
  7.17656653e+00   5.17700092e+02   7.20265909e-07   2.19481504e-09   9.07708970e-04   5.28571552e-04   7.81751248e-05   8.37971335e-01   1.60487471e-01
  9.09961881e+00   5.18974122e+02   7.20179197e-07   2.19455854e-09   9.07710264e-04   5.28498981e-04   7.82113829e-05   8.37970649e-01   1.60488210e-01
  1.15379774e+01   5.20112476e+02   7.20089519e-07   2.19429366e-09   9.07711820e-04   5.28423625e-04   7.82473557e-05   8.37969916e-01   1.60488998e-01
  1.46297252e+01   5.21227239e+02   7.19996863e-07   2.19402033e-09   9.07713623e-04   5.28345502e-04   7.82829546e-05   8.37969141e-01   1.60489832e-01
  1.85499461e+01   5.22320556e+02   7.19901196e-07   2.19373840e-09   9.07715659e-04   5.28264608e-04   7.83181138e-05   8.37968325e-01   1.60490709e-01
  2.35206401e+01   5.22992391e+02   7.19802565e-07   2.19344799e-09   9.07717911e-04   5.28181010e-04   7.83527519e-05   8.37967473e-01   1.60491625e-01
  2.98232947e+01   5.23554311e+02   7.19701022e-07   2.19314921e-09   9.07720363e-04   5.28094777e-04   7.83868000e-05   8.37966588e-01   1.60492576e-01
  3.78148259e+01   5.23909175e+02   7.19596597e-07   2.19284213e-09   9.07723003e-04   5.28005961e-04   7.84202107e-05   8.37965673e-01   1.60493560e-01
  4.79477894e+01   5.24117654e+02   7.19489330e-07   2.19252685e-09   9.07725815e-04   5.27914623e-04   7.84529444e-05   8.37964731e-01   1.60494573e-01
  6.07960094e+01   5.24252143e+02   7.19379244e-07   2.19220340e-09   9.07728791e-04   5.27820808e-04   7.84849779e-05   8.37963765e-01   1.60495614e-01
  7.70870733e+01   5.24639816e+02   7.19266277e-07   2.19187159e-09   9.07731920e-04   5.27724489e-04   7.85163190e-05   8.37962775e-01   1.60496681e-01
  9.77435350e+01   5.25091533e+02   7.19150350e-07   2.19153117e-09   9.07735199e-04   5.27625626e-04   7.85469837e-05   8.37961762e-01   1.60497774e-01
  1.23935158e+02   5.25682005e+02   7.19031404e-07   2.19118194e-09   9.07738622e-04   5.27524194e-04   7.85769853e-05   8.37960728e-01   1.60498891e-01
  1.57145160e+02   5.26282403e+02   7.18909399e-07   2.19082377e-09   9.07742184e-04   5.27420182e-04   7.86063344e-05   8.37959672e-01   1.60500031e-01
  1.99254204e+02   5.26888854e+02   7.18784326e-07   2.19045662e-09   9.07745882e-04   5.27313607e-04   7.86350366e-05   8.37958597e-01   1.60501194e-01
  2.52646903e+02   5.27592763e+02   7.18656154e-07   2.19008039e-09   9.07749710e-04   5.27204470e-04   7.86631040e-05   8.37957503e-01   1.60502379e-01
  3.20346853e+02   5.28360519e+02   7.18524848e-07   2.18969496e-09   9.07753668e-04   5.27092764e-04   7.86905519e-05   8.37956390e-01   1.60503586e-01
  4.06187867e+02   5.29269431e+02   7.18390359e-07   2.18930017e-09   9.07757754e-04   5.26978471e-04   7.87173983e-05   8.37955259e-01   1.60504813e-01
  5.15031072e+02   5.30587615e+02   7.18252546e-07   2.18889559e-09   9.07761968e-04   5.26861496e-04   7.87436796e-05   8.37954108e-01   1.60506063e-01
  6.53040198e+02   5.32139752e+02   7.18111252e-07   2.18848075e-09   9.07766314e-04   5.26741729e-04   7.87694322e-05   8.37952938e-01   1.60507335e-01
  8.28030624e+02   5.34193693e+02   7.17966273e-07   2.18805503e-09   9.07770795e-04   5.26619023e-04   7.87946974e-05   8.37951748e-01   1.60508630e-01
  1.04991196e+03   5.36650465e+02   7.17817363e-07   2.18761772e-09   9.07775418e-04   5.26493195e-04   7.88195200e-05   8.37950535e-01   1.60509951e-01
  1.33124922e+03   5.39632245e+02   7.17664250e-07   2.18716797e-09   9.07780189e-04   5.26364040e-04   7.88439439e-05   8.37949298e-01   1.60511300e-01
  1.68797438e+03   5.43871505e+02   7.17506379e-07   2.18670417e-09   9.07785123e-04   5.26231119e-04   7.88680506e-05   8.37948033e-01   1.60512680e-01
  2.14028859e+03   5.48863093e+02   7.17343137e-07   2.18622447e-09   9.07790239e-04   5.26093945e-04   7.88919204e-05   8.37946737e-01   1.60514096e-01
  2.71380614e+03   5.55059006e+02   7.17173853e-07   2.18572689e-09   9.07795557e-04   5.25951988e-04   7.89156298e-05   8.37945404e-01   1.60515553e-01
  3.44100501e+03   5.63760010e+02   7.16997235e-07   2.18520760e-09   9.07801116e-04   5.25804201e-04   7.89393270e-05   8.37944025e-01   1.60517061e-01
  4.36306606e+03   5.74226440e+02   7.16811780e-07   2.18466213e-09   9.07806962e-04   5.25649375e-04   7.89631661e-05   8.37942590e-01   1.60518633e-01
  5.53220510e+03   5.87797899e+02   7.16615584e-07   2.18408480e-09   9.07813155e-04   5.25485971e-04   7.89873255e-05   8.37941085e-01   1.60520282e-01
  7.01462982e+03   6.05083952e+02   7.16405913e-07   2.18346739e-09   9.07819781e-04   5.25311785e-04   7.90120512e-05   8.37939491e-01   1.60522031e-01
  8.89428909e+03   6.24431572e+02   7.16180211e-07   2.18280199e-09   9.07826919e-04   5.25124775e-04   7.90375277e-05   8.37937791e-01   1.60523898e-01
  1.12776270e+04   6.46930754e+02   7.15935761e-07   2.18207966e-09   9.07834654e-04   5.24922799e-04   7.90639165e-05   8.37935966e-01   1.60525903e-01
  1.42996105e+04   6.72049100e+02   7.15669410e-07   2.18128835e-09   9.07843085e-04   5.24703379e-04   7.90913844e-05   8.37933997e-01   1.60528068e-01
  1.81313731e+04   6.99073152e+02   7.15378214e-07   2.18040945e-09   9.07852304e-04   5.24464242e-04   7.91200310e-05   8.37931865e-01   1.60530415e-01
  2.29899051e+04   7.29955899e+02   7.15058352e-07   2.17938447e-09   9.07862432e-04   5.24202399e-04   7.91499979e-05   8.37929548e-01   1.60532968e-01
  2.91503425e+04   7.63307383e+02   7.14705831e-07   2.17788115e-09   9.07873606e-04   5.23914506e-04   7.91814159e-05   8.37927017e-01   1.60535759e-01
  3.69615475e+04   7.99176259e+02   7.14319295e-07   2.17352723e-09   9.07885957e-04   5.23597445e-04   7.92143338e-05   8.37924251e-01   1.60538812e-01
  4.68658643e+04   8.33330863e+02   7.13913920e-07   2.15157566e-09   9.07899560e-04   5.23249856e-04   7.92485744e-05   8.37921241e-01   1.60542138e-01
  5.94241687e+04   8.65033263e+02   7.13545325e-07   2.06229629e-09   9.07914436e-04   5.22872623e-04   7.92837261e-05   8.37918001e-01   1.60545722e-01
  7.53476304e+04   8.93792086e+02   7.13214624e-07   1.86198582e-09   9.07930609e-04   5.22467731e-04   7.93193027e-05   8.37914551e-01   1.60549542e-01
  9.55379863e+04   9.17556513e+02   7.12296732e-07   1.65174891e-09   9.07948370e-04   5.22039508e-04   7.93547073e-05   8.37910927e-01   1.60553558e-01
  1.21138605e+05   9.34888884e+02   7.08202439e-07   1.50518677e-09   9.07969943e-04   5.21596610e-04   7.93892407e-05   8.37907181e-01   1.60557711e-01
  1.53599235e+05   9.47627077e+02   6.94830931e-07   1.38894456e-09   9.08001273e-04   5.21151604e-04   7.94223031e-05   8.37903362e-01   1.60561940e-01
  1.94758103e+05   9.56136182e+02   6.62320499e-07   1.27231810e-09   9.08052087e-04   5.20720258e-04   7.94534606e-05   8.37899505e-01   1.60566193e-01
  2.46946014e+05   9.60142692e+02   6.01692252e-07   1.13475932e-09   9.08131195e-04   5.20317668e-04   7.94823748e-05   8.37895649e-01   1.60570417e-01
  3.13118339e+05   9.62399306e+02   5.14932694e-07   9.61317339e-10   9.08236464e-04   5.19946630e-04   7.95088752e-05   8.37891834e-01   1.60574571e-01
  3.97022380e+05   9.63911110e+02   4.12318606e-07   7.64634159e-10   9.08357468e-04   5.19599868e-04   7.95329526e-05   8.37888096e-01   1.60578624e-01
  5.03409576e+05   9.65309386e+02   3.08688302e-07   5.68973752e-10   9.08479219e-04   5.19264706e-04   7.95546750e-05   8.37884471e-01   1.60582555e-01
  6.38304574e+05   9.67231115e+02   2.18299695e-07   3.98983687e-10   9.08587340e-04   5.18928387e-04   7.95741617e-05   8.37880988e-01   1.60586347e-01
  8.09346403e+05   9.69951696e+02   1.49317104e-07   2.69633813e-10   9.08673599e-04   5.18583797e-04   7.95915632e-05   8.37877663e-01   1.60589990e-01
  1.02622106e+06   9.73541531e+02   1.02058150e-07   1.81381920e-10   9.08737665e-04   5.18231488e-04   7.96070424e-05   8.37874502e-01   1.60593479e-01
  1.30121005e+06   9.78327079e+02   7.19114642e-08   1.25134223e-10   9.08784176e-04   5.17876710e-04   7.96207718e-05   8.37871502e-01   1.60596811e-01
  1.64988583e+06   9.84964580e+02   5.34743298e-08   9.03981736e-11   9.08818592e-04   5.17525063e-04   7.96329393e-05   8.37868655e-01   1.60599987e-01
  2.09199372e+06   9.93506124e+02   4.20473682e-08   6.85290422e-11   9.08845677e-04   5.17181199e-04   7.96437484e-05   8.37865954e-01   1.60603011e-01
  2.65257005e+06   1.00569532e+03   3.63271598e-08   5.62647640e-11   9.08866817e-04   5.16845730e-04   7.96534423e-05   8.37863391e-01   1.60605889e-01
  3.36335993e+06   1.02092097e+03   3.37777548e-08   4.91856473e-11   9.08884651e-04   5.16520372e-04   7.96623694e-05   8.37860958e-01   1.60608628e-01
  4.26461500e+06   1.04126954e+03   3.53186753e-08   4.75106545e-11   9.08898371e-04   5.16203095e-04   7.96711103e-05   8.37858649e-01   1.60611235e-01
  5.40737283e+06   1.06644667e+03   4.06851522e-08   4.98556892e-11   9.08908379e-04   5.15893011e-04   7.96810612e-05   8.37856454e-01   1.60613719e-01
  6.85634715e+06   1.09839523e+03   5.31599815e-08   5.82806721e-11   9.08911538e-04   5.15585770e-04   7.96957138e-05   8.37854370e-01   1.60616087e-01
  8.69359256e+06   1.13619529e+03   7.54783275e-08   7.32158581e-11   9.08905256e-04   5.15278286e-04   7.97254227e-05   8.37852389e-01   1.60618342e-01
  1.10231513e+07   1.18032232e+03   1.15206832e-07   9.79878957e-11   9.08882056e-04   5.14964026e-04   7.97844694e-05   8.37850514e-01   1.60620478e-01
  1.39769448e+07   1.23236207e+03   1.90382449e-07   1.40627378e-10   9.08823794e-04   5.14627317e-04   7.97647800e-05   8.37848841e-01   1.60622465e-01
  1.77222450e+07   1.29004450e+03   3.19264671e-07   2.04833895e-10   9.08711897e-04   5.14255360e-04   7.95271758e-05   8.37847487e-01   1.60624255e-01
  2.24711459e+07   1.35755282e+03   5.69882176e-07   3.15571580e-10   9.08477279e-04   5.13788578e-04   7.86314051e-05   8.37846812e-01   1.60625729e-01
  2.84925752e+07   1.43225126e+03   1.01356325e-06   4.85955884e-10   9.08047846e-04   5.13169558e-04   7.77467339e-05   8.37846406e-01   1.60626933e-01
  3.61275231e+07   1.51682671e+03   1.82622407e-06   7.58760856e-10   9.07244295e-04   5.12235290e-04   7.67151348e-05   8.37846414e-01   1.60627729e-01
  4.58083524e+07   1.61391918e+03   3.34776204e-06   1.20549556e-09   9.05720883e-04   5.10629403e-04   7.54854713e-05   8.37846785e-01   1.60627904e-01
  5.80832831e+07   1.71966906e+03   5.85408378e-06   1.84199028e-09   9.03195486e-04   5.07975680e-04   7.47100347e-05   8.37846356e-01   1.60627321e-01
  7.36474375e+07   1.83047384e+03   9.41167260e-06   2.62008597e-09   8.99595574e-04   5.04535163e-04   7.47670232e-05   8.37842450e-01   1.60625783e-01
